Filetype: Flipper Animation
Version: 1

Width: 128
Height: 64
Passive frames: 4
Active frames: 172
Frames order: 0 0 1 1 2 3 4 5 6 7 8 9 10 11 12 13 14 15 15 15 15 15 15 16 17 18 19 20 21 22 23 24 25 26 27 28 29 30 31 32 33 34 35 36 37 38 39 39 39 40 40 40 40 40 40 41 41 41 42 43 44 45 46 47 48 49 50 51 52 53 54 42 43 44 45 46 47 48 49 50 51 52 53 54 42 42 43 43 44 44 45 45 46 46 47 47 48 48 49 49 50 50 51 51 52 52 53 53 54 54 42 42 42 43 43 43 44 44 44 45 45 45 46 46 46 47 47 47 48 48 48 49 49 49 50 50 50 51 51 51 52 52 52 53 53 53 54 54 54 41 41 41 55 55 55 56 56 56 57 57 57 58 58 58 59 59 59 60 60 60 60 60 60 60 60 60
Active cycles: 1
Frame rate: 6
Duration: 3600
Active cooldown: 1

Bubble slots: 0
