Filetype: Flipper Animation
Version: 1

Width: 128
Height: 64
Passive frames: 6
Active frames: 192
Frames order: 0 0 1 1 1 1 2 2 2 2 3 4 5 5 5 5 4 3 2 2 2 2 3 4 5 5 5 5 4 6 7 7 7 8 8 8 8 8 8 7 7 7 6 9 10 10 10 10 11 12 13 13 13 14 14 14 15 16 17 17 17 16 18 19 19 19 20 20 20 20 20 20 19 19 19 21 22 23 23 23 23 24 25 26 26 26 26 25 27 28 28 28 28 27 29 30 30 30 30 29 31 32 32 32 32 31 33 34 34 34 34 35 36 37 37 37 37 38 39 40 40 40 40 39 41 42 42 42 42 43 44 45 45 45 45 46 47 48 48 48 49 49 49 50 50 50 50 51 51 51 51 52 53 53 53 51 51 51 52 53 53 53 51 51 51 51 54 55 55 55 56 56 56 56 57 58 58 58 56 56 56 56 59 60 60 60 61 61 61 61 61 61 62 62 62 62 62 62
Active cycles: 1
Frame rate: 3
Duration: 3600
Active cooldown: 1

Bubble slots: 0
